[gd_scene load_steps=6 format=2]

[ext_resource path="res://scenes/city/house_0.tscn" type="PackedScene" id=1]
[ext_resource path="res://scenes/player/Player.tscn" type="PackedScene" id=2]
[ext_resource path="res://scenes/city/ground.tscn" type="PackedScene" id=3]
[ext_resource path="res://gltf/house_0.glb.gltf" type="PackedScene" id=4]
[ext_resource path="res://blender/house_1.gltf" type="PackedScene" id=5]

[node name="Root" type="Spatial"]

[node name="house_0glb" parent="." instance=ExtResource( 1 )]

[node name="DirectionalLight" type="DirectionalLight" parent="."]
transform = Transform( 0.898488, -0.35024, -0.264673, 0.438999, 0.716827, 0.5417, 0, -0.602902, 0.797815, 0, 9.4032, 0 )

[node name="Player" parent="." instance=ExtResource( 2 )]
transform = Transform( 0.999999, 0, 0, 0, 1, 0, 0, 0, 0.999999, -11.5018, 1.65802, 6.28899 )

[node name="ground" parent="." instance=ExtResource( 3 )]

[node name="house_0glb2" parent="." instance=ExtResource( 4 )]
transform = Transform( 0.52909, 0, 0.848566, 0, 1, 0, -0.848566, 0, 0.52909, -5.82404, 0, -5.96218 )

[node name="house_0glb3" parent="." instance=ExtResource( 4 )]
transform = Transform( 0.52909, 0, 0.848566, 0, 1, 0, -0.848566, 0, 0.52909, -10.8084, 0, -7.49593 )

[node name="house_0glb4" parent="." instance=ExtResource( 4 )]
transform = Transform( 1, 0, 0, 0, 1, 0, 0, 0, 1, 0, 0, 7.51181 )

[node name="house_1" parent="." instance=ExtResource( 5 )]
transform = Transform( 1, 0, 0, 0, 1, 0, 0, 0, 1, -16.1848, 0, 0 )

[node name="house_2" parent="." instance=ExtResource( 5 )]
transform = Transform( 0.841492, 0, 0.54027, 0, 1, 0, -0.54027, 0, 0.841492, -10.0909, -8.31361, 13.1609 )

[node name="house_3" parent="." instance=ExtResource( 5 )]
transform = Transform( 1, 0, 0, 0, 1, 0, 0, 0, 1, 5.45091, -12.8483, 2.04307 )

[node name="house_4" parent="." instance=ExtResource( 5 )]
transform = Transform( 1, 0, 0, 0, 1, 0, 0, 0, 1, 0, 0, 21.1882 )
